0000011010111001 -6 1 -10 10
0000111101011001 -4 1 -8 8
0001001101011110 -4 1 -9 9
0001011011001110 -4 1 -9 9
0001110111010010 -4 1 -9 9
0001111011001010 -5 1 -9 9
0010011000111101 -4 1 -8 8
0011011111001010 -6 1 -11 11
0011110010010101 -4 1 -11 11
0100001110011011 -4 1 -8 8
0100101110111000 -4 1 -9 9
0101001101111000 -5 1 -9 9
0101001111101100 -6 1 -11 11
0101011011000011 -4 1 -11 11
0110001010011111 -6 1 -10 10
0110010100001111 -4 1 -8 8
0111001101101000 -4 1 -9 9
0111101011001000 -4 1 -9 9
1000010100110111 -4 1 -9 9
1000110010010111 -4 1 -9 9
1001101011110000 -4 1 -8 8
1001110101100000 -6 1 -10 10
1010100100111100 -4 1 -11 11
1010110000010011 -6 1 -11 11
1010110010000111 -5 1 -9 9
1011010001000111 -4 1 -9 9
1011110001100100 -4 1 -8 8
1100001101101010 -4 1 -11 11
1100100000110101 -6 1 -11 11
1101100111000010 -4 1 -8 8
1110000100110101 -5 1 -9 9
1110001000101101 -4 1 -9 9
1110100100110001 -4 1 -9 9
1110110010100001 -4 1 -9 9
1111000010100110 -4 1 -8 8
1111100101000110 -6 1 -10 10
